# Made in Blockbench 4.2.3
mtllib materials.mtl

o Body
v 0.25 1.4375 0.125
v 0.25 1.4375 -0.125
v 0.25 0.8125 0.125
v 0.25 0.8125 -0.125
v -0.25 1.4375 -0.125
v -0.25 1.4375 0.125
v -0.25 0.8125 -0.125
v -0.25 0.8125 0.125
vt 0.0625 0.734375
vt 0.1875 0.734375
vt 0.1875 0.578125
vt 0.0625 0.578125
vt 0 0.734375
vt 0.0625 0.734375
vt 0.0625 0.578125
vt 0 0.578125
vt 0.25 0.734375
vt 0.375 0.734375
vt 0.375 0.578125
vt 0.25 0.578125
vt 0.1875 0.734375
vt 0.25 0.734375
vt 0.25 0.578125
vt 0.1875 0.578125
vt 0.1875 0.734375
vt 0.0625 0.734375
vt 0.0625 0.796875
vt 0.1875 0.796875
vt 0.3125 0.796875
vt 0.1875 0.796875
vt 0.1875 0.734375
vt 0.3125 0.734375
vn 0 0 -1
vn 1 0 0
vn 0 0 1
vn -1 0 0
vn 0 1 0
vn 0 -1 0
usemtl m_0
f 4/4/1 7/3/1 5/2/1 2/1/1
f 3/8/2 4/7/2 2/6/2 1/5/2
f 8/12/3 3/11/3 1/10/3 6/9/3
f 7/16/4 8/15/4 6/14/4 5/13/4
f 6/20/5 1/19/5 2/18/5 5/17/5
f 7/24/6 4/23/6 3/22/6 8/21/6
o Pauldron1
v -0.1875 1.4375 0.125
v -0.1875 1.4375 -0.125
v -0.1875 1.3125 0.125
v -0.1875 1.3125 -0.125
v -0.375 1.4375 -0.125
v -0.375 1.4375 0.125
v -0.375 1.3125 -0.125
v -0.375 1.3125 0.125
vt 0.390625 0.328125
vt 0.4375 0.328125
vt 0.4375 0.296875
vt 0.390625 0.296875
vt 0.328125 0.328125
vt 0.390625 0.328125
vt 0.390625 0.296875
vt 0.328125 0.296875
vt 0.5 0.328125
vt 0.546875 0.328125
vt 0.546875 0.296875
vt 0.5 0.296875
vt 0.4375 0.328125
vt 0.5 0.328125
vt 0.5 0.296875
vt 0.4375 0.296875
vt 0.4375 0.328125
vt 0.390625 0.328125
vt 0.390625 0.390625
vt 0.4375 0.390625
vt 0.484375 0.390625
vt 0.4375 0.390625
vt 0.4375 0.328125
vt 0.484375 0.328125
vn 0 0 -1
vn 1 0 0
vn 0 0 1
vn -1 0 0
vn 0 1 0
vn 0 -1 0
usemtl m_0
f 12/28/7 15/27/7 13/26/7 10/25/7
f 11/32/8 12/31/8 10/30/8 9/29/8
f 16/36/9 11/35/9 9/34/9 14/33/9
f 15/40/10 16/39/10 14/38/10 13/37/10
f 14/44/11 9/43/11 10/42/11 13/41/11
f 15/48/12 12/47/12 11/46/12 16/45/12
o Pauldron2
v 0.375 1.4375 0.125
v 0.375 1.4375 -0.125
v 0.375 1.3125 0.125
v 0.375 1.3125 -0.125
v 0.1875 1.4375 -0.125
v 0.1875 1.4375 0.125
v 0.1875 1.3125 -0.125
v 0.1875 1.3125 0.125
vt 0.359375 0.9375
vt 0.40625 0.9375
vt 0.40625 0.90625
vt 0.359375 0.90625
vt 0.296875 0.9375
vt 0.359375 0.9375
vt 0.359375 0.90625
vt 0.296875 0.90625
vt 0.46875 0.9375
vt 0.515625 0.9375
vt 0.515625 0.90625
vt 0.46875 0.90625
vt 0.40625 0.9375
vt 0.46875 0.9375
vt 0.46875 0.90625
vt 0.40625 0.90625
vt 0.40625 0.9375
vt 0.359375 0.9375
vt 0.359375 1
vt 0.40625 1
vt 0.453125 1
vt 0.40625 1
vt 0.40625 0.9375
vt 0.453125 0.9375
vn 0 0 -1
vn 1 0 0
vn 0 0 1
vn -1 0 0
vn 0 1 0
vn 0 -1 0
usemtl m_0
f 20/52/13 23/51/13 21/50/13 18/49/13
f 19/56/14 20/55/14 18/54/14 17/53/14
f 24/60/15 19/59/15 17/58/15 22/57/15
f 23/64/16 24/63/16 22/62/16 21/61/16
f 22/68/17 17/67/17 18/66/17 21/65/17
f 23/72/18 20/71/18 19/70/18 24/69/18
o Arm1
v 0.3229345479464938 1.464722258776053 0.07264509177734296
v 0.46862154435507947 1.4849445494946099 -0.04364165740560966
v 0.4561723286362842 0.956484556217741 0.15118612560748823
v 0.6018593250448698 0.9767068469362976 0.03489937642453561
v 0.36036172200539607 1.4342411222977987 -0.18808965266796235
v 0.21467472559681033 1.4140188315792421 -0.07180290348500973
v 0.49359950269518643 0.9260034197394866 -0.10954861883781708
v 0.34791250628660075 0.9057811290209299 0.006738130345135533
vt 0.53125 0.453125
vt 0.578125 0.453125
vt 0.578125 0.328125
vt 0.53125 0.328125
vt 0.484375 0.453125
vt 0.53125 0.453125
vt 0.53125 0.328125
vt 0.484375 0.328125
vt 0.625 0.453125
vt 0.671875 0.453125
vt 0.671875 0.328125
vt 0.625 0.328125
vt 0.578125 0.453125
vt 0.625 0.453125
vt 0.625 0.328125
vt 0.578125 0.328125
vt 0.578125 0.453125
vt 0.53125 0.453125
vt 0.53125 0.5
vt 0.578125 0.5
vt 0.625 0.5
vt 0.578125 0.5
vt 0.578125 0.453125
vt 0.625 0.453125
vn 0.7769973141791234 0.10785221716563552 -0.620195995642414
vn 0.5773857191983116 0.27041827838299237 0.7703893080658811
vn -0.7769973141791234 -0.10785221716563552 0.620195995642414
vn -0.5773857191983116 -0.27041827838299237 -0.7703893080658811
vn -0.2508005283572525 0.956682734227411 -0.14784194603321463
vn 0.2508005283572525 -0.956682734227411 0.14784194603321463
usemtl m_0
f 28/76/19 31/75/19 29/74/19 26/73/19
f 27/80/20 28/79/20 26/78/20 25/77/20
f 32/84/21 27/83/21 25/82/21 30/81/21
f 31/88/22 32/87/22 30/86/22 29/85/22
f 30/92/23 25/91/23 26/90/23 29/89/23
f 31/96/24 28/95/24 27/94/24 32/93/24
o Arm2
v -0.3855855987550696 1.437835130793014 -0.1562804142418755
v -0.45925437611857134 1.4864964794465065 0.009131902074020648
v -0.5673056180831318 0.9428401947092137 -0.09159339601717185
v -0.6409743954466336 0.9915015433627062 0.07381892029872429
v -0.2992054039031408 1.438885532106987 0.09441832646980514
v -0.22553662653963907 1.3902241834534945 -0.07099398984609101
v -0.4809254232312031 0.9438905960231867 0.15910534469450877
v -0.4072566458677013 0.8952292473696942 -0.006306971621387367
vt 0.046875 0.53125
vt 0.09375 0.53125
vt 0.09375 0.40625
vt 0.046875 0.40625
vt 0 0.53125
vt 0.046875 0.53125
vt 0.046875 0.40625
vt 0 0.40625
vt 0.140625 0.53125
vt 0.1875 0.53125
vt 0.1875 0.40625
vt 0.140625 0.40625
vt 0.09375 0.53125
vt 0.140625 0.53125
vt 0.140625 0.40625
vt 0.09375 0.40625
vt 0.09375 0.53125
vt 0.046875 0.53125
vt 0.046875 0.578125
vt 0.09375 0.578125
vt 0.140625 0.578125
vt 0.09375 0.578125
vt 0.09375 0.53125
vt 0.140625 0.53125
vn -0.39290014593867595 0.25952719281862696 0.8821990203514458
vn -0.8535945184822962 0.25392505247743713 -0.4548609301108505
vn 0.39290014593867595 -0.25952719281862696 -0.8821990203514458
vn 0.8535945184822962 -0.25392505247743713 0.4548609301108505
vn 0.34206121285282304 0.9317551738048008 -0.1217637990112068
vn -0.34206121285282304 -0.9317551738048008 0.1217637990112068
usemtl m_0
f 36/100/25 39/99/25 37/98/25 34/97/25
f 35/104/26 36/103/26 34/102/26 33/101/26
f 40/108/27 35/107/27 33/106/27 38/105/27
f 39/112/28 40/111/28 38/110/28 37/109/28
f 38/116/29 33/115/29 34/114/29 37/113/29
f 39/120/30 36/119/30 35/118/30 40/117/30
o Elbow1
v 0.575 1.0459498962753948 0.12666855118836187
v 0.575 1.0785089295879442 -0.057982902501427125
v 0.575 0.6766469888958169 0.061550484563263
v 0.575 0.7092060222083663 -0.123100969126526
v 0.3875 1.0785089295879442 -0.057982902501427125
v 0.3875 1.0459498962753948 0.12666855118836187
v 0.3875 0.7092060222083663 -0.123100969126526
v 0.3875 0.6766469888958169 0.061550484563263
vt 0.640625 0.796875
vt 0.6875 0.796875
vt 0.6875 0.703125
vt 0.640625 0.703125
vt 0.59375 0.796875
vt 0.640625 0.796875
vt 0.640625 0.703125
vt 0.59375 0.703125
vt 0.734375 0.796875
vt 0.78125 0.796875
vt 0.78125 0.703125
vt 0.734375 0.703125
vt 0.6875 0.796875
vt 0.734375 0.796875
vt 0.734375 0.703125
vt 0.6875 0.703125
vt 0.6875 0.796875
vt 0.640625 0.796875
vt 0.640625 0.84375
vt 0.6875 0.84375
vt 0.734375 0.84375
vt 0.6875 0.84375
vt 0.6875 0.796875
vt 0.734375 0.796875
vn 0 0.17364817766693033 -0.984807753012208
vn 1 0 0
vn 0 -0.17364817766693033 0.984807753012208
vn -1 0 0
vn 0 0.984807753012208 0.17364817766693033
vn 0 -0.984807753012208 -0.17364817766693033
usemtl m_0
f 44/124/31 47/123/31 45/122/31 42/121/31
f 43/128/32 44/127/32 42/126/32 41/125/32
f 48/132/33 43/131/33 41/130/33 46/129/33
f 47/136/34 48/135/34 46/134/34 45/133/34
f 46/140/35 41/139/35 42/138/35 45/137/35
f 47/144/36 44/143/36 43/142/36 48/141/36
o Elbow2
v -0.375 1.0459498962753948 0.12666855118836187
v -0.375 1.0785089295879442 -0.057982902501427125
v -0.375 0.6766469888958169 0.061550484563263
v -0.375 0.7092060222083663 -0.123100969126526
v -0.5625 1.0785089295879442 -0.057982902501427125
v -0.5625 1.0459498962753948 0.12666855118836187
v -0.5625 0.7092060222083663 -0.123100969126526
v -0.5625 0.6766469888958169 0.061550484563263
vt 0.1875 0.40625
vt 0.234375 0.40625
vt 0.234375 0.3125
vt 0.1875 0.3125
vt 0.140625 0.40625
vt 0.1875 0.40625
vt 0.1875 0.3125
vt 0.140625 0.3125
vt 0.28125 0.40625
vt 0.328125 0.40625
vt 0.328125 0.3125
vt 0.28125 0.3125
vt 0.234375 0.40625
vt 0.28125 0.40625
vt 0.28125 0.3125
vt 0.234375 0.3125
vt 0.234375 0.40625
vt 0.1875 0.40625
vt 0.1875 0.453125
vt 0.234375 0.453125
vt 0.28125 0.453125
vt 0.234375 0.453125
vt 0.234375 0.40625
vt 0.28125 0.40625
vn 0 0.17364817766693033 -0.984807753012208
vn 1 0 0
vn 0 -0.17364817766693033 0.984807753012208
vn -1 0 0
vn 0 0.984807753012208 0.17364817766693033
vn 0 -0.984807753012208 -0.17364817766693033
usemtl m_0
f 52/148/37 55/147/37 53/146/37 50/145/37
f 51/152/38 52/151/38 50/150/38 49/149/38
f 56/156/39 51/155/39 49/154/39 54/153/39
f 55/160/40 56/159/40 54/158/40 53/157/40
f 54/164/41 49/163/41 50/162/41 53/161/41
f 55/168/42 52/167/42 51/166/42 56/165/42
o Thigh1
v 0.25 0.8099374657937486 0.10153923688604533
v 0.25 0.8697893699737065 -0.12183111044330174
v 0.25 0.3873449167922812 -0.011694095346307498
v 0.25 0.4471968209722392 -0.23506444267565457
v 0.0625 0.8697893699737065 -0.12183111044330174
v 0.0625 0.8099374657937486 0.10153923688604533
v 0.0625 0.4471968209722392 -0.23506444267565457
v 0.0625 0.3873449167922812 -0.011694095346307498
vt 0.578125 0.625
vt 0.625 0.625
vt 0.625 0.515625
vt 0.578125 0.515625
vt 0.53125 0.625
vt 0.578125 0.625
vt 0.578125 0.515625
vt 0.53125 0.515625
vt 0.671875 0.625
vt 0.71875 0.625
vt 0.71875 0.515625
vt 0.671875 0.515625
vt 0.625 0.625
vt 0.671875 0.625
vt 0.671875 0.515625
vt 0.625 0.515625
vt 0.625 0.625
vt 0.578125 0.625
vt 0.578125 0.671875
vt 0.625 0.671875
vt 0.671875 0.671875
vt 0.625 0.671875
vt 0.625 0.625
vt 0.671875 0.625
vn 0 0.25881904510252074 -0.9659258262890683
vn 1 0 0
vn 0 -0.25881904510252074 0.9659258262890683
vn -1 0 0
vn 0 0.9659258262890683 0.25881904510252074
vn 0 -0.9659258262890683 -0.25881904510252074
usemtl m_0
f 60/172/43 63/171/43 61/170/43 58/169/43
f 59/176/44 60/175/44 58/174/44 57/173/44
f 64/180/45 59/179/45 57/178/45 62/177/45
f 63/184/46 64/183/46 62/182/46 61/181/46
f 62/188/47 57/187/47 58/186/47 61/185/47
f 63/192/48 60/191/48 59/190/48 64/189/48
o Thigh2
v -0.0625 0.8099374657937486 0.10153923688604533
v -0.0625 0.8697893699737065 -0.12183111044330174
v -0.0625 0.3873449167922812 -0.011694095346307498
v -0.0625 0.4471968209722392 -0.23506444267565457
v -0.25 0.8697893699737065 -0.12183111044330174
v -0.25 0.8099374657937486 0.10153923688604533
v -0.25 0.4471968209722392 -0.23506444267565457
v -0.25 0.3873449167922812 -0.011694095346307498
vt 0.578125 0.953125
vt 0.625 0.953125
vt 0.625 0.84375
vt 0.578125 0.84375
vt 0.53125 0.953125
vt 0.578125 0.953125
vt 0.578125 0.84375
vt 0.53125 0.84375
vt 0.671875 0.953125
vt 0.71875 0.953125
vt 0.71875 0.84375
vt 0.671875 0.84375
vt 0.625 0.953125
vt 0.671875 0.953125
vt 0.671875 0.84375
vt 0.625 0.84375
vt 0.625 0.953125
vt 0.578125 0.953125
vt 0.578125 1
vt 0.625 1
vt 0.671875 1
vt 0.625 1
vt 0.625 0.953125
vt 0.671875 0.953125
vn 0 0.25881904510252074 -0.9659258262890683
vn 1 0 0
vn 0 -0.25881904510252074 0.9659258262890683
vn -1 0 0
vn 0 0.9659258262890683 0.25881904510252074
vn 0 -0.9659258262890683 -0.25881904510252074
usemtl m_0
f 68/196/49 71/195/49 69/194/49 66/193/49
f 67/200/50 68/199/50 66/198/50 65/197/50
f 72/204/51 67/203/51 65/202/51 70/201/51
f 71/208/52 72/207/52 70/206/52 69/205/52
f 70/212/53 65/211/53 66/210/53 69/209/53
f 71/216/54 68/215/54 67/214/54 72/213/54
o Leg1
v 0.25 0.5 0.020625000000000004
v 0.25 0.5 -0.229375
v 0.25 0 0.020625000000000004
v 0.25 0 -0.229375
v 0.0625 0.5 -0.229375
v 0.0625 0.5 0.020625000000000004
v 0.0625 0 -0.229375
v 0.0625 0 0.020625000000000004
vt 0.4375 0.796875
vt 0.484375 0.796875
vt 0.484375 0.671875
vt 0.4375 0.671875
vt 0.375 0.796875
vt 0.4375 0.796875
vt 0.4375 0.671875
vt 0.375 0.671875
vt 0.546875 0.796875
vt 0.59375 0.796875
vt 0.59375 0.671875
vt 0.546875 0.671875
vt 0.484375 0.796875
vt 0.546875 0.796875
vt 0.546875 0.671875
vt 0.484375 0.671875
vt 0.484375 0.796875
vt 0.4375 0.796875
vt 0.4375 0.859375
vt 0.484375 0.859375
vt 0.53125 0.859375
vt 0.484375 0.859375
vt 0.484375 0.796875
vt 0.53125 0.796875
vn 0 0 -1
vn 1 0 0
vn 0 0 1
vn -1 0 0
vn 0 1 0
vn 0 -1 0
usemtl m_0
f 76/220/55 79/219/55 77/218/55 74/217/55
f 75/224/56 76/223/56 74/222/56 73/221/56
f 80/228/57 75/227/57 73/226/57 78/225/57
f 79/232/58 80/231/58 78/230/58 77/229/58
f 78/236/59 73/235/59 74/234/59 77/233/59
f 79/240/60 76/239/60 75/238/60 80/237/60
o Leg2
v -0.0625 0.5 0.020625000000000004
v -0.0625 0.5 -0.229375
v -0.0625 0 0.020625000000000004
v -0.0625 0 -0.229375
v -0.25 0.5 -0.229375
v -0.25 0.5 0.020625000000000004
v -0.25 0 -0.229375
v -0.25 0 0.020625000000000004
vt 0.375 0.578125
vt 0.421875 0.578125
vt 0.421875 0.453125
vt 0.375 0.453125
vt 0.3125 0.578125
vt 0.375 0.578125
vt 0.375 0.453125
vt 0.3125 0.453125
vt 0.484375 0.578125
vt 0.53125 0.578125
vt 0.53125 0.453125
vt 0.484375 0.453125
vt 0.421875 0.578125
vt 0.484375 0.578125
vt 0.484375 0.453125
vt 0.421875 0.453125
vt 0.421875 0.578125
vt 0.375 0.578125
vt 0.375 0.640625
vt 0.421875 0.640625
vt 0.46875 0.640625
vt 0.421875 0.640625
vt 0.421875 0.578125
vt 0.46875 0.578125
vn 0 0 -1
vn 1 0 0
vn 0 0 1
vn -1 0 0
vn 0 1 0
vn 0 -1 0
usemtl m_0
f 84/244/61 87/243/61 85/242/61 82/241/61
f 83/248/62 84/247/62 82/246/62 81/245/62
f 88/252/63 83/251/63 81/250/63 86/249/63
f 87/256/64 88/255/64 86/254/64 85/253/64
f 86/260/65 81/259/65 82/258/65 85/257/65
f 87/264/66 84/263/66 83/262/66 88/261/66
o Head
v 0.1875 1.8125 0.1875
v 0.1875 1.8125 -0.25
v 0.1875 1.4375 0.1875
v 0.1875 1.4375 -0.25
v -0.1875 1.8125 -0.25
v -0.1875 1.8125 0.1875
v -0.1875 1.4375 -0.25
v -0.1875 1.4375 0.1875
vt 0.109375 0.890625
vt 0.203125 0.890625
vt 0.203125 0.796875
vt 0.109375 0.796875
vt 0 0.890625
vt 0.109375 0.890625
vt 0.109375 0.796875
vt 0 0.796875
vt 0.3125 0.890625
vt 0.40625 0.890625
vt 0.40625 0.796875
vt 0.3125 0.796875
vt 0.203125 0.890625
vt 0.3125 0.890625
vt 0.3125 0.796875
vt 0.203125 0.796875
vt 0.203125 0.890625
vt 0.109375 0.890625
vt 0.109375 1
vt 0.203125 1
vt 0.296875 1
vt 0.203125 1
vt 0.203125 0.890625
vt 0.296875 0.890625
vn 0 0 -1
vn 1 0 0
vn 0 0 1
vn -1 0 0
vn 0 1 0
vn 0 -1 0
usemtl m_0
f 92/268/67 95/267/67 93/266/67 90/265/67
f 91/272/68 92/271/68 90/270/68 89/269/68
f 96/276/69 91/275/69 89/274/69 94/273/69
f 95/280/70 96/279/70 94/278/70 93/277/70
f 94/284/71 89/283/71 90/282/71 93/281/71
f 95/288/72 92/287/72 91/286/72 96/285/72
o Visor
v 0.21875 1.676467594274349 -0.07685829644284653
v 0.21875 1.7009412553156087 -0.262754207950436
v 0.21875 1.5525369866026226 -0.093174070470353
v 0.21875 1.5770106476438823 -0.27906998197794247
v -0.21875 1.7009412553156087 -0.262754207950436
v -0.21875 1.676467594274349 -0.07685829644284653
v -0.21875 1.5770106476438823 -0.27906998197794247
v -0.21875 1.5525369866026226 -0.093174070470353
vt 0.078125 0.25
vt 0.1875 0.25
vt 0.1875 0.21875
vt 0.078125 0.21875
vt 0.03125 0.25
vt 0.078125 0.25
vt 0.078125 0.21875
vt 0.03125 0.21875
vt 0.234375 0.25
vt 0.34375 0.25
vt 0.34375 0.21875
vt 0.234375 0.21875
vt 0.1875 0.25
vt 0.234375 0.25
vt 0.234375 0.21875
vt 0.1875 0.21875
vt 0.1875 0.25
vt 0.078125 0.25
vt 0.078125 0.296875
vt 0.1875 0.296875
vt 0.296875 0.296875
vt 0.1875 0.296875
vt 0.1875 0.25
vt 0.296875 0.25
vn 0 0.13052619222005166 -0.9914448613738104
vn 1 0 0
vn 0 -0.13052619222005166 0.9914448613738104
vn -1 0 0
vn 0 0.9914448613738104 0.13052619222005166
vn 0 -0.9914448613738104 -0.13052619222005166
usemtl m_0
f 100/292/73 103/291/73 101/290/73 98/289/73
f 99/296/74 100/295/74 98/294/74 97/293/74
f 104/300/75 99/299/75 97/298/75 102/297/75
f 103/304/76 104/303/76 102/302/76 101/301/76
f 102/308/77 97/307/77 98/306/77 101/305/77
f 103/312/78 100/311/78 99/310/78 104/309/78